512101 429109
146674 141437
559592 78051
2114451 487613
466840 135026
760248 24975
501195 140243
1348806 500653
1395261 96804
508926 66622
943561 178718
280508 239576
379255 78280
822614 55848
1690606 439391
119385 120553
1239486 760388
1787097 73962
521606 40254
951469 308968
1349662 272577
1107237 27181
176169 80191
1088311 371171
1550454 117378
1023224 55
768724 71570
1585515 146617
1339700 400588
651353 391748
1253306 218791
119409 90875
570482 87068
818362 39442
1141800 503008
1689680 35746
2234423 374072
157780 19171
586850 158094
1258810 487986
657257 705998
923934 25007
1086097 1071459
1001972 391363
663252 54766
128821 297577
926407 25095
1402837 82485
105671 55855
1219042 700275
364230 1429
573813 691549
553019 35574
1132505 156588
837126 58826
1847688 138624
790462 171836
1173599 23998
463355 382543
835714 71550
1233753 1070820
1065691 237108
47298 47587
807040 35139
1701652 44920
165888 41728
97201 32927
874277 6518
601196 17309
420335 242570
71105 25838
1544305 40757
1914374 17295
416726 82747
1877280 132222
936689 376867
737316 20476
434408 21757
899701 72263
1397798 10017
329286 299914
1954221 32289
319080 40757
512202 525754
746970 254311
327361 69496
1825666 138251
1287108 141302
1064828 624
277040 31435
743065 264846
1484731 185132
1349494 14554
1051951 92833
581304 22518
574935 574353
690369 140063
1957165 366605
2145888 66479
830609 43097